PWS
130.58
