PWS
105.72
